# Made in Blockbench 4.12.3
mtllib PlayerDollSteveElytra.mtl

o Body
v -0.21875 0 -0.34375
v 0.21875 0.5625 -0.34375
v 0.21875 0 -0.34375
v 0.21875 0.5625 -0.0625
v 0.21875 0 -0.0625
v -0.21875 0.5625 -0.0625
v -0.21875 0 -0.0625
v -0.21875 0.5625 -0.34375
vt 0.625 0.5
vt 0.5 0.6875
vt 0.5 0.5
vt 0.5 0.5
vt 0.4375 0.6875
vt 0.4375 0.5
vt 0.4375 0.5
vt 0.3125 0.6875
vt 0.3125 0.5
vt 0.3125 0.5
vt 0.25 0.6875
vt 0.25 0.5
vt 0.4375 0.6875
vt 0.3125 0.75
vt 0.3125 0.6875
vt 0.5625 0.75
vt 0.4375 0.6875
vt 0.4375 0.75
vt 0.625 0.5
vt 0.625 0.6875
vt 0.5 0.6875
vt 0.5 0.5
vt 0.5 0.6875
vt 0.4375 0.6875
vt 0.4375 0.5
vt 0.4375 0.6875
vt 0.3125 0.6875
vt 0.3125 0.5
vt 0.3125 0.6875
vt 0.25 0.6875
vt 0.4375 0.6875
vt 0.4375 0.75
vt 0.3125 0.75
vt 0.5625 0.75
vt 0.5625 0.6875
vt 0.4375 0.6875
vn 0 0 -1
vn 1 0 0
vn 0 0 1
vn -1 0 0
vn 0 1 0
vn 0 -1 0
vn 0 0 -1
vn 1 0 0
vn 0 0 1
vn -1 0 0
vn 0 1 0
vn 0 -1 0
usemtl m_2d62f14e-d99e-14f0-e27b-4a3e4633a46b
f 1/1/1 2/2/1 3/3/1
f 3/4/2 4/5/2 5/6/2
f 5/7/3 6/8/3 7/9/3
f 7/10/4 8/11/4 1/12/4
f 4/13/5 8/14/5 6/15/5
f 3/16/6 7/17/6 1/18/6
f 1/19/7 8/20/7 2/21/7
f 3/22/8 2/23/8 4/24/8
f 5/25/9 4/26/9 6/27/9
f 7/28/10 6/29/10 8/30/10
f 4/31/11 2/32/11 8/33/11
f 3/34/12 5/35/12 7/36/12
o Body_Layer
v -0.225 0.009375 -0.35
v 0.225 0.56875 -0.35
v 0.225 0.009375 -0.35
v 0.225 0.56875 -0.05625
v 0.225 0.009375 -0.05625
v -0.225 0.56875 -0.05625
v -0.225 0.009375 -0.05625
v -0.225 0.56875 -0.35
vt 0.625 0.25
vt 0.5 0.4375
vt 0.5 0.25
vt 0.5 0.25
vt 0.4375 0.4375
vt 0.4375 0.25
vt 0.4375 0.25
vt 0.3125 0.4375
vt 0.3125 0.25
vt 0.3125 0.25
vt 0.25 0.4375
vt 0.25 0.25
vt 0.4375 0.4375
vt 0.3125 0.5
vt 0.3125 0.4375
vt 0.5625 0.5
vt 0.4375 0.4375
vt 0.4375 0.5
vt 0.625 0.25
vt 0.625 0.4375
vt 0.5 0.4375
vt 0.5 0.25
vt 0.5 0.4375
vt 0.4375 0.4375
vt 0.4375 0.25
vt 0.4375 0.4375
vt 0.3125 0.4375
vt 0.3125 0.25
vt 0.3125 0.4375
vt 0.25 0.4375
vt 0.4375 0.4375
vt 0.4375 0.5
vt 0.3125 0.5
vt 0.5625 0.5
vt 0.5625 0.4375
vt 0.4375 0.4375
vn 0 0 -1
vn 1 0 0
vn 0 0 1
vn -1 0 0
vn 0 1 0
vn 0 -1 0
vn 0 0 -1
vn 1 0 0
vn 0 0 1
vn -1 0 0
vn 0 1 0
vn 0 -1 0
usemtl m_2d62f14e-d99e-14f0-e27b-4a3e4633a46b
f 9/37/13 10/38/13 11/39/13
f 11/40/14 12/41/14 13/42/14
f 13/43/15 14/44/15 15/45/15
f 15/46/16 16/47/16 9/48/16
f 12/49/17 16/50/17 14/51/17
f 11/52/18 15/53/18 9/54/18
f 9/55/19 16/56/19 10/57/19
f 11/58/20 10/59/20 12/60/20
f 13/61/21 12/62/21 14/63/21
f 15/64/22 14/65/22 16/66/22
f 12/67/23 10/68/23 16/69/23
f 11/70/24 13/71/24 15/72/24
o ElytraLeft
v 0.217089 -0.106444 -0.40625
v 0.336666 0.748115 -0.40625
v 0.621287 0.06098 -0.40625
v 0.336666 0.748115 -0.28125
v 0.621287 0.06098 -0.28125
v 0.217089 -0.106444 -0.28125
v -0.067532 0.580691 -0.40625
v -0.067532 0.580691 -0.28125
vt 0.5625 0.3125
vt 0.71875 0.9375
vt 0.71875 0.3125
vt 0.34375 0.3125
vt 0.375 0.9375
vt 0.375 0.3125
vt 0.53125 0.3125
vt 0.5625 0.9375
vt 0.5625 0.3125
vt 0.375 0.9375
vt 0.53125 1
vt 0.53125 0.9375
vt 0.53125 1
vt 0.6875 0.9375
vt 0.6875 1
vt 0.5625 0.3125
vt 0.5625 0.9375
vt 0.71875 0.9375
vt 0.34375 0.3125
vt 0.34375 0.9375
vt 0.375 0.9375
vt 0.53125 0.3125
vt 0.53125 0.9375
vt 0.5625 0.9375
vt 0.375 0.9375
vt 0.375 1
vt 0.53125 1
vt 0.53125 1
vt 0.53125 0.9375
vt 0.6875 0.9375
vn 0 0 -1
vn 0.9238793595640884 0.38268384989629467 0
vn -0.9238793595640884 -0.38268384989629467 0
vn -0.38268285978453753 0.9238797696817093 0
vn 0.3826828597845374 -0.9238797696817093 0
vn 0 0 -1
vn 0.9238793595640884 0.38268384989629467 0
vn -0.9238793595640884 -0.38268384989629467 0
vn -0.38268285978453753 0.9238797696817093 0
vn 0.3826828597845374 -0.9238797696817093 0
usemtl m_cdcffe63-4bb2-046a-227e-9bf5235cf6e7
f 17/73/25 18/74/25 19/75/25
f 19/76/26 20/77/26 21/78/26
f 22/79/27 23/80/27 17/81/27
f 20/82/28 23/83/28 24/84/28
f 19/85/29 22/86/29 17/87/29
f 17/88/30 23/89/30 18/90/30
f 19/91/31 18/92/31 20/93/31
f 22/94/32 24/95/32 23/96/32
f 20/97/33 18/98/33 23/99/33
f 19/100/34 21/101/34 22/102/34
o ElytraRight
v -0.621287 0.06098 -0.40625
v 0.067532 0.580691 -0.40625
v -0.217089 -0.106444 -0.40625
v 0.067532 0.580691 -0.28125
v -0.217089 -0.106444 -0.28125
v -0.621287 0.06098 -0.28125
v -0.336666 0.748115 -0.40625
v -0.336666 0.748115 -0.28125
vt 0.71875 0.3125
vt 0.5625 0.9375
vt 0.5625 0.3125
vt 0.5625 0.3125
vt 0.53125 0.9375
vt 0.53125 0.3125
vt 0.375 0.3125
vt 0.34375 0.9375
vt 0.34375 0.3125
vt 0.53125 0.9375
vt 0.375 1
vt 0.375 0.9375
vt 0.6875 1
vt 0.53125 0.9375
vt 0.53125 1
vt 0.71875 0.3125
vt 0.71875 0.9375
vt 0.5625 0.9375
vt 0.5625 0.3125
vt 0.5625 0.9375
vt 0.53125 0.9375
vt 0.375 0.3125
vt 0.375 0.9375
vt 0.34375 0.9375
vt 0.53125 0.9375
vt 0.53125 1
vt 0.375 1
vt 0.6875 1
vt 0.6875 0.9375
vt 0.53125 0.9375
vn 0 0 -1
vn 0.9238793595640884 -0.38268384989629467 0
vn -0.9238793595640884 0.38268384989629467 0
vn 0.38268285978453753 0.9238797696817093 0
vn -0.3826828597845374 -0.9238797696817093 0
vn 0 0 -1
vn 0.9238793595640884 -0.38268384989629467 0
vn -0.9238793595640884 0.38268384989629467 0
vn 0.38268285978453753 0.9238797696817093 0
vn -0.3826828597845374 -0.9238797696817093 0
usemtl m_cdcffe63-4bb2-046a-227e-9bf5235cf6e7
f 25/103/35 26/104/35 27/105/35
f 27/106/36 28/107/36 29/108/36
f 30/109/37 31/110/37 25/111/37
f 28/112/38 31/113/38 32/114/38
f 27/115/39 30/116/39 25/117/39
f 25/118/40 31/119/40 26/120/40
f 27/121/41 26/122/41 28/123/41
f 30/124/42 32/125/42 31/126/42
f 28/127/43 26/128/43 31/129/43
f 27/130/44 29/131/44 30/132/44
o Hat_Layer
v -0.3125 0.53125 -0.53125
v 0.3125 1.15625 -0.53125
v 0.3125 0.53125 -0.53125
v 0.3125 1.15625 0.09375
v 0.3125 0.53125 0.09375
v -0.3125 1.15625 0.09375
v -0.3125 0.53125 0.09375
v -0.3125 1.15625 -0.53125
vt 1 0.75
vt 0.875 0.875
vt 0.875 0.75
vt 0.875 0.75
vt 0.75 0.875
vt 0.75 0.75
vt 0.75 0.75
vt 0.625 0.875
vt 0.625 0.75
vt 0.625 0.75
vt 0.5 0.875
vt 0.5 0.75
vt 0.75 0.875
vt 0.625 1
vt 0.625 0.875
vt 0.875 1
vt 0.75 0.875
vt 0.75 1
vt 1 0.75
vt 1 0.875
vt 0.875 0.875
vt 0.875 0.75
vt 0.875 0.875
vt 0.75 0.875
vt 0.75 0.75
vt 0.75 0.875
vt 0.625 0.875
vt 0.625 0.75
vt 0.625 0.875
vt 0.5 0.875
vt 0.75 0.875
vt 0.75 1
vt 0.625 1
vt 0.875 1
vt 0.875 0.875
vt 0.75 0.875
vn 0 0 -1
vn 1 0 0
vn 0 0 1
vn -1 0 0
vn 0 1 0
vn 0 -1 0
vn 0 0 -1
vn 1 0 0
vn 0 0 1
vn -1 0 0
vn 0 1 0
vn 0 -1 0
usemtl m_2d62f14e-d99e-14f0-e27b-4a3e4633a46b
f 33/133/45 34/134/45 35/135/45
f 35/136/46 36/137/46 37/138/46
f 37/139/47 38/140/47 39/141/47
f 39/142/48 40/143/48 33/144/48
f 36/145/49 40/146/49 38/147/49
f 35/148/50 39/149/50 33/150/50
f 33/151/51 40/152/51 34/153/51
f 35/154/52 34/155/52 36/156/52
f 37/157/53 36/158/53 38/159/53
f 39/160/54 38/161/54 40/162/54
f 36/163/55 34/164/55 40/165/55
f 35/166/56 37/167/56 39/168/56
o Head
v -0.296875 0.5625 -0.515625
v 0.296875 1.140625 -0.515625
v 0.296875 0.5625 -0.515625
v 0.296875 1.140625 0.078125
v 0.296875 0.5625 0.078125
v -0.296875 1.140625 0.078125
v -0.296875 0.5625 0.078125
v -0.296875 1.140625 -0.515625
vt 0.5 0.75
vt 0.375 0.875
vt 0.375 0.75
vt 0.375 0.75
vt 0.25 0.875
vt 0.25 0.75
vt 0.25 0.75
vt 0.125 0.875
vt 0.125 0.75
vt 0.125 0.75
vt 0 0.875
vt 0 0.75
vt 0.25 0.875
vt 0.125 1
vt 0.125 0.875
vt 0.375 1
vt 0.25 0.875
vt 0.25 1
vt 0.5 0.75
vt 0.5 0.875
vt 0.375 0.875
vt 0.375 0.75
vt 0.375 0.875
vt 0.25 0.875
vt 0.25 0.75
vt 0.25 0.875
vt 0.125 0.875
vt 0.125 0.75
vt 0.125 0.875
vt 0 0.875
vt 0.25 0.875
vt 0.25 1
vt 0.125 1
vt 0.375 1
vt 0.375 0.875
vt 0.25 0.875
vn 0 0 -1
vn 1 0 0
vn 0 0 1
vn -1 0 0
vn 0 1 0
vn 0 -1 0
vn 0 0 -1
vn 1 0 0
vn 0 0 1
vn -1 0 0
vn 0 1 0
vn 0 -1 0
usemtl m_2d62f14e-d99e-14f0-e27b-4a3e4633a46b
f 41/169/57 42/170/57 43/171/57
f 43/172/58 44/173/58 45/174/58
f 45/175/59 46/176/59 47/177/59
f 47/178/60 48/179/60 41/180/60
f 44/181/61 48/182/61 46/183/61
f 43/184/62 47/185/62 41/186/62
f 41/187/63 48/188/63 42/189/63
f 43/190/64 42/191/64 44/192/64
f 45/193/65 44/194/65 46/195/65
f 47/196/66 46/197/66 48/198/66
f 44/199/67 42/200/67 48/201/67
f 43/202/68 45/203/68 47/204/68
o Left_Arm
v 0.324682 -0.016846 -0.33125
v 0.28265 0.574589 -0.33125
v 0.49791 0.054907 -0.33125
v 0.28265 0.574589 -0.08125
v 0.49791 0.054907 -0.08125
v 0.109423 0.502836 -0.08125
v 0.324682 -0.016846 -0.08125
v 0.109423 0.502836 -0.33125
vt 0.75 0
vt 0.6875 0.1875
vt 0.6875 0
vt 0.6875 0
vt 0.625 0.1875
vt 0.625 0
vt 0.625 0
vt 0.5625 0.1875
vt 0.5625 0
vt 0.5625 0
vt 0.5 0.1875
vt 0.5 0
vt 0.625 0.1875
vt 0.5625 0.25
vt 0.5625 0.1875
vt 0.6875 0.25
vt 0.625 0.1875
vt 0.625 0.25
vt 0.75 0
vt 0.75 0.1875
vt 0.6875 0.1875
vt 0.6875 0
vt 0.6875 0.1875
vt 0.625 0.1875
vt 0.625 0
vt 0.625 0.1875
vt 0.5625 0.1875
vt 0.5625 0
vt 0.5625 0.1875
vt 0.5 0.1875
vt 0.625 0.1875
vt 0.625 0.25
vt 0.5625 0.25
vt 0.6875 0.25
vt 0.6875 0.1875
vt 0.625 0.1875
vn 0 0 -1
vn 0.9238791129740165 0.3826844452160875 0
vn 0 0 1
vn -0.9238797415139384 -0.38268292778766416 0
vn -0.3826835563277115 0.9238794811642779 0
vn 0.38268167071323245 -0.9238802622094106 0
vn 0 0 -1
vn 0.9238791129740165 0.3826844452160875 0
vn 0 0 1
vn -0.9238797415139384 -0.38268292778766416 0
vn -0.3826835563277115 0.9238794811642779 0
vn 0.38268167071323245 -0.9238802622094106 0
usemtl m_2d62f14e-d99e-14f0-e27b-4a3e4633a46b
f 49/205/69 50/206/69 51/207/69
f 51/208/70 52/209/70 53/210/70
f 53/211/71 54/212/71 55/213/71
f 55/214/72 56/215/72 49/216/72
f 52/217/73 56/218/73 54/219/73
f 51/220/74 55/221/74 49/222/74
f 49/223/75 56/224/75 50/225/75
f 51/226/76 50/227/76 52/228/76
f 53/229/77 52/230/77 54/231/77
f 55/232/78 54/233/78 56/234/78
f 52/235/79 50/236/79 56/237/79
f 51/238/80 53/239/80 55/240/80
o Left_Arm_Layer
v 0.506076 0.051524 -0.3375
v 0.101257 0.506218 -0.3375
v 0.286033 0.582755 -0.3375
v 0.286033 0.582755 -0.075
v 0.506076 0.051524 -0.075
v 0.101257 0.506218 -0.075
v 0.3213 -0.025012 -0.075
v 0.3213 -0.025012 -0.3375
vt 0.9375 0
vt 1 0.1875
vt 0.9375 0.1875
vt 0.9375 0
vt 0.875 0.1875
vt 0.875 0
vt 0.875 0
vt 0.8125 0.1875
vt 0.8125 0
vt 0.8125 0
vt 0.75 0.1875
vt 0.75 0
vt 0.875 0.1875
vt 0.8125 0.25
vt 0.8125 0.1875
vt 0.9375 0.25
vt 0.875 0.1875
vt 0.875 0.25
vt 0.9375 0
vt 1 0
vt 1 0.1875
vt 0.9375 0
vt 0.9375 0.1875
vt 0.875 0.1875
vt 0.875 0
vt 0.875 0.1875
vt 0.8125 0.1875
vt 0.8125 0
vt 0.8125 0.1875
vt 0.75 0.1875
vt 0.875 0.1875
vt 0.875 0.25
vt 0.8125 0.25
vt 0.9375 0.25
vt 0.9375 0.1875
vt 0.875 0.1875
vn 0 0 -1
vn 0.9238795847467831 0.3826833062574217 0
vn 0 0 1
vn -0.9238793300566962 -0.38268392113334265 0
vn -0.382684605141445 0.9238790467305429 0
vn 0.3826803373711341 -0.9238808144936851 0
vn 0 0 -1
vn 0.9238795847467831 0.3826833062574217 0
vn 0 0 1
vn -0.9238793300566962 -0.38268392113334265 0
vn -0.382684605141445 0.9238790467305429 0
vn 0.3826803373711341 -0.9238808144936851 0
usemtl m_2d62f14e-d99e-14f0-e27b-4a3e4633a46b
f 57/241/81 58/242/81 59/243/81
f 57/244/82 60/245/82 61/246/82
f 61/247/83 62/248/83 63/249/83
f 63/250/84 58/251/84 64/252/84
f 60/253/85 58/254/85 62/255/85
f 57/256/86 63/257/86 64/258/86
f 57/259/87 64/260/87 58/261/87
f 57/262/88 59/263/88 60/264/88
f 61/265/89 60/266/89 62/267/89
f 63/268/90 62/269/90 58/270/90
f 60/271/91 59/272/91 58/273/91
f 57/274/92 61/275/92 63/276/92
o Left_Leg
v -0.029514 0.0125 -0.252731
v 0.181246 0.246875 -0.34003
v 0.181246 0.0125 -0.34003
v 0.396506 0.246875 0.179652
v 0.396506 0.0125 0.179652
v 0.185746 0.246875 0.266952
v 0.185746 0.0125 0.266952
v -0.029514 0.246875 -0.252731
vt 0.3125 0.25
vt 0.375 0.1875
vt 0.375 0.25
vt 0.4375 0.1875
vt 0.375 0
vt 0.4375 0
vt 0.4375 0.25
vt 0.375 0.1875
vt 0.375 0.25
vt 0.25 0
vt 0.3125 0.1875
vt 0.25 0.1875
vt 0.375 0
vt 0.3125 0.1875
vt 0.3125 0
vt 0.5 0.1875
vt 0.4375 0
vt 0.5 0
vt 0.3125 0.25
vt 0.3125 0.1875
vt 0.375 0.1875
vt 0.4375 0.1875
vt 0.375 0.1875
vt 0.375 0
vt 0.4375 0.25
vt 0.4375 0.1875
vt 0.375 0.1875
vt 0.25 0
vt 0.3125 0
vt 0.3125 0.1875
vt 0.375 0
vt 0.375 0.1875
vt 0.3125 0.1875
vt 0.5 0.1875
vt 0.4375 0.1875
vt 0.4375 0
vn -0.38268099880018863 0 -0.9238805405231187
vn 0.9238791129740164 0 -0.38268444521608747
vn 0.3826847404072506 0 0.9238789907013989
vn -0.9238793733242816 0 0.38268381667629087
vn 0 1 0
vn 0 -1 0
vn -0.38268099880018863 0 -0.9238805405231187
vn 0.9238791129740164 0 -0.38268444521608747
vn 0.3826847404072506 0 0.9238789907013989
vn -0.9238793733242816 0 0.38268381667629087
vn 0 1 0
vn 0 -1 0
usemtl m_2d62f14e-d99e-14f0-e27b-4a3e4633a46b
f 65/277/93 66/278/93 67/279/93
f 67/280/94 68/281/94 69/282/94
f 69/283/95 70/284/95 71/285/95
f 71/286/96 72/287/96 65/288/96
f 68/289/97 72/290/97 70/291/97
f 65/292/98 69/293/98 71/294/98
f 65/295/99 72/296/99 66/297/99
f 67/298/100 66/299/100 68/300/100
f 69/301/101 68/302/101 70/303/101
f 71/304/102 70/305/102 72/306/102
f 68/307/103 66/308/103 72/309/103
f 65/310/104 67/311/104 69/312/104
o Left_Leg_Layer
v -0.035288 0.00625 -0.250339
v 0.18702 0.253125 -0.342422
v 0.18702 0.00625 -0.342422
v 0.407063 0.253125 0.188809
v 0.407063 0.00625 0.188809
v 0.184755 0.253125 0.280892
v 0.184755 0.00625 0.280892
v -0.035288 0.253125 -0.250339
vt 0.0625 0.25
vt 0.125 0.1875
vt 0.125 0.25
vt 0.1875 0.1875
vt 0.125 0
vt 0.1875 0
vt 0.1875 0.25
vt 0.125 0.1875
vt 0.125 0.25
vt 0 0
vt 0.0625 0.1875
vt 0 0.1875
vt 0.0625 0
vt 0.125 0.1875
vt 0.0625 0.1875
vt 0.1875 0.1875
vt 0.25 0
vt 0.25 0.1875
vt 0.0625 0.25
vt 0.0625 0.1875
vt 0.125 0.1875
vt 0.1875 0.1875
vt 0.125 0.1875
vt 0.125 0
vt 0.1875 0.25
vt 0.1875 0.1875
vt 0.125 0.1875
vt 0 0
vt 0.0625 0
vt 0.0625 0.1875
vt 0.0625 0
vt 0.125 0
vt 0.125 0.1875
vt 0.1875 0.1875
vt 0.1875 0
vt 0.25 0
vn -0.3826834727183908 0 -0.9238795157964012
vn 0.9238795847467832 0 -0.3826833062574218
vn 0.38268347271839065 0 0.9238795157964013
vn -0.9238795847467831 0 0.38268330625742175
vn 0 1 0
vn 0 -1 0
vn -0.3826834727183908 0 -0.9238795157964012
vn 0.9238795847467832 0 -0.3826833062574218
vn 0.38268347271839065 0 0.9238795157964013
vn -0.9238795847467831 0 0.38268330625742175
vn 0 1 0
vn 0 -1 0
usemtl m_2d62f14e-d99e-14f0-e27b-4a3e4633a46b
f 73/313/105 74/314/105 75/315/105
f 75/316/106 76/317/106 77/318/106
f 77/319/107 78/320/107 79/321/107
f 79/322/108 80/323/108 73/324/108
f 78/325/109 74/326/109 80/327/109
f 75/328/110 79/329/110 73/330/110
f 73/331/111 80/332/111 74/333/111
f 75/334/112 74/335/112 76/336/112
f 77/337/113 76/338/113 78/339/113
f 79/340/114 78/341/114 80/342/114
f 78/343/115 76/344/115 74/345/115
f 75/346/116 77/347/116 79/348/116
o Right_Arm
v -0.49791 0.054907 -0.33125
v -0.109423 0.502836 -0.33125
v -0.324682 -0.016846 -0.33125
v -0.109423 0.502836 -0.08125
v -0.324682 -0.016846 -0.08125
v -0.28265 0.574589 -0.08125
v -0.49791 0.054907 -0.08125
v -0.28265 0.574589 -0.33125
vt 0.875 0.5
vt 0.8125 0.6875
vt 0.8125 0.5
vt 0.8125 0.5
vt 0.75 0.6875
vt 0.75 0.5
vt 0.75 0.5
vt 0.6875 0.6875
vt 0.6875 0.5
vt 0.6875 0.5
vt 0.625 0.6875
vt 0.625 0.5
vt 0.75 0.6875
vt 0.6875 0.75
vt 0.6875 0.6875
vt 0.8125 0.75
vt 0.75 0.6875
vt 0.75 0.75
vt 0.875 0.5
vt 0.875 0.6875
vt 0.8125 0.6875
vt 0.8125 0.5
vt 0.8125 0.6875
vt 0.75 0.6875
vt 0.75 0.5
vt 0.75 0.6875
vt 0.6875 0.6875
vt 0.6875 0.5
vt 0.6875 0.6875
vt 0.625 0.6875
vt 0.75 0.6875
vt 0.75 0.75
vt 0.6875 0.75
vt 0.8125 0.75
vt 0.8125 0.6875
vt 0.75 0.6875
vn 0 0 -1
vn 0.9238797415139384 -0.38268292778766416 0
vn 0 0 1
vn -0.9238791129740165 0.3826844452160875 0
vn 0.3826835563277115 0.9238794811642779 0
vn -0.38268167071323245 -0.9238802622094106 0
vn 0 0 -1
vn 0.9238797415139384 -0.38268292778766416 0
vn 0 0 1
vn -0.9238791129740165 0.3826844452160875 0
vn 0.3826835563277115 0.9238794811642779 0
vn -0.38268167071323245 -0.9238802622094106 0
usemtl m_2d62f14e-d99e-14f0-e27b-4a3e4633a46b
f 81/349/117 82/350/117 83/351/117
f 83/352/118 84/353/118 85/354/118
f 85/355/119 86/356/119 87/357/119
f 87/358/120 88/359/120 81/360/120
f 84/361/121 88/362/121 86/363/121
f 83/364/122 87/365/122 81/366/122
f 81/367/123 88/368/123 82/369/123
f 83/370/124 82/371/124 84/372/124
f 85/373/125 84/374/125 86/375/125
f 87/376/126 86/377/126 88/378/126
f 84/379/127 82/380/127 88/381/127
f 83/382/128 85/383/128 87/384/128
o Right_Arm_Layer
v -0.506076 0.051524 -0.3375
v -0.101257 0.506218 -0.3375
v -0.3213 -0.025012 -0.3375
v -0.101257 0.506218 -0.075
v -0.3213 -0.025012 -0.075
v -0.506076 0.051524 -0.075
v -0.286033 0.582755 -0.075
v -0.286033 0.582755 -0.3375
vt 0.875 0.25
vt 0.8125 0.4375
vt 0.8125 0.25
vt 0.8125 0.25
vt 0.75 0.4375
vt 0.75 0.25
vt 0.6875 0.25
vt 0.75 0.4375
vt 0.6875 0.4375
vt 0.6875 0.25
vt 0.625 0.4375
vt 0.625 0.25
vt 0.75 0.4375
vt 0.6875 0.5
vt 0.6875 0.4375
vt 0.8125 0.5
vt 0.75 0.4375
vt 0.75 0.5
vt 0.875 0.25
vt 0.875 0.4375
vt 0.8125 0.4375
vt 0.8125 0.25
vt 0.8125 0.4375
vt 0.75 0.4375
vt 0.6875 0.25
vt 0.75 0.25
vt 0.75 0.4375
vt 0.6875 0.25
vt 0.6875 0.4375
vt 0.625 0.4375
vt 0.75 0.4375
vt 0.75 0.5
vt 0.6875 0.5
vt 0.8125 0.5
vt 0.8125 0.4375
vt 0.75 0.4375
vn 0 0 -1
vn 0.9238793300566962 -0.38268392113334265 0
vn 0 0 1
vn -0.9238795847467831 0.3826833062574217 0
vn 0.382684605141445 0.9238790467305429 0
vn -0.3826803373711341 -0.9238808144936851 0
vn 0 0 -1
vn 0.9238793300566962 -0.38268392113334265 0
vn 0 0 1
vn -0.9238795847467831 0.3826833062574217 0
vn 0.382684605141445 0.9238790467305429 0
vn -0.3826803373711341 -0.9238808144936851 0
usemtl m_2d62f14e-d99e-14f0-e27b-4a3e4633a46b
f 89/385/129 90/386/129 91/387/129
f 91/388/130 92/389/130 93/390/130
f 94/391/131 92/392/131 95/393/131
f 94/394/132 96/395/132 89/396/132
f 92/397/133 96/398/133 95/399/133
f 91/400/134 94/401/134 89/402/134
f 89/403/135 96/404/135 90/405/135
f 91/406/136 90/407/136 92/408/136
f 94/409/137 93/410/137 92/411/137
f 94/412/138 95/413/138 96/414/138
f 92/415/139 90/416/139 96/417/139
f 91/418/140 93/419/140 94/420/140
o Right_Leg
v -0.166688 0.0125 -0.339678
v 0.044072 0.246875 -0.252378
v 0.044072 0.0125 -0.252378
v -0.171187 0.246875 0.267304
v -0.171187 0.0125 0.267304
v -0.381947 0.246875 0.180005
v -0.381947 0.0125 0.180005
v -0.166688 0.246875 -0.339678
vt 0.0625 0.75
vt 0.125 0.6875
vt 0.125 0.75
vt 0.1875 0.6875
vt 0.125 0.5
vt 0.1875 0.5
vt 0.1875 0.75
vt 0.125 0.6875
vt 0.125 0.75
vt 0 0.5
vt 0.0625 0.6875
vt 0 0.6875
vt 0.125 0.5
vt 0.0625 0.6875
vt 0.0625 0.5
vt 0.1875 0.6875
vt 0.25 0.5
vt 0.25 0.6875
vt 0.0625 0.75
vt 0.0625 0.6875
vt 0.125 0.6875
vt 0.1875 0.6875
vt 0.125 0.6875
vt 0.125 0.5
vt 0.1875 0.75
vt 0.1875 0.6875
vt 0.125 0.6875
vt 0 0.5
vt 0.0625 0.5
vt 0.0625 0.6875
vt 0.125 0.5
vt 0.125 0.6875
vt 0.0625 0.6875
vt 0.1875 0.6875
vt 0.1875 0.5
vt 0.25 0.5
vn 0.3826847404072505 0 -0.9238789907013988
vn 0.9238797415139384 0 0.3826829277876641
vn -0.3826809988001886 0 0.9238805405231187
vn -0.923880001862316 0 -0.3826822992495045
vn 0 1 0
vn 0 -1 0
vn 0.3826847404072505 0 -0.9238789907013988
vn 0.9238797415139384 0 0.3826829277876641
vn -0.3826809988001886 0 0.9238805405231187
vn -0.923880001862316 0 -0.3826822992495045
vn 0 1 0
vn 0 -1 0
usemtl m_2d62f14e-d99e-14f0-e27b-4a3e4633a46b
f 97/421/141 98/422/141 99/423/141
f 99/424/142 100/425/142 101/426/142
f 101/427/143 102/428/143 103/429/143
f 103/430/144 104/431/144 97/432/144
f 100/433/145 104/434/145 102/435/145
f 99/436/146 103/437/146 97/438/146
f 97/439/147 104/440/147 98/441/147
f 99/442/148 98/443/148 100/444/148
f 101/445/149 100/446/149 102/447/149
f 103/448/150 102/449/150 104/450/150
f 100/451/151 98/452/151 104/453/151
f 99/454/152 101/455/152 103/456/152
o Right_Leg_Layer
v -0.172462 0.00625 -0.342069
v 0.049846 0.253125 -0.249986
v 0.049846 0.00625 -0.249986
v -0.170197 0.253125 0.281245
v -0.170197 0.00625 0.281245
v -0.392505 0.253125 0.189161
v -0.392505 0.00625 0.189161
v -0.172462 0.253125 -0.342069
vt 0.0625 0.5
vt 0.125 0.4375
vt 0.125 0.5
vt 0.1875 0.4375
vt 0.125 0.25
vt 0.1875 0.25
vt 0.1875 0.5
vt 0.125 0.4375
vt 0.125 0.5
vt 0 0.25
vt 0.0625 0.4375
vt 0 0.4375
vt 0.125 0.25
vt 0.0625 0.4375
vt 0.0625 0.25
vt 0.1875 0.4375
vt 0.25 0.25
vt 0.25 0.4375
vt 0.0625 0.5
vt 0.0625 0.4375
vt 0.125 0.4375
vt 0.1875 0.4375
vt 0.125 0.4375
vt 0.125 0.25
vt 0.1875 0.5
vt 0.1875 0.4375
vt 0.125 0.4375
vt 0 0.25
vt 0.0625 0.25
vt 0.0625 0.4375
vt 0.125 0.25
vt 0.125 0.4375
vt 0.0625 0.4375
vt 0.1875 0.4375
vt 0.1875 0.25
vt 0.25 0.25
vn 0.38268347271839076 0 -0.9238795157964013
vn 0.9238795847467831 0 0.38268330625742175
vn -0.382687019952784 0 0.9238780464756469
vn -0.9238793300566963 0 -0.38268392113334265
vn 0 1 0
vn 0 -1 0
vn 0.38268347271839076 0 -0.9238795157964013
vn 0.9238795847467831 0 0.38268330625742175
vn -0.382687019952784 0 0.9238780464756469
vn -0.9238793300566963 0 -0.38268392113334265
vn 0 1 0
vn 0 -1 0
usemtl m_2d62f14e-d99e-14f0-e27b-4a3e4633a46b
f 105/457/153 106/458/153 107/459/153
f 107/460/154 108/461/154 109/462/154
f 109/463/155 110/464/155 111/465/155
f 111/466/156 112/467/156 105/468/156
f 108/469/157 112/470/157 110/471/157
f 107/472/158 111/473/158 105/474/158
f 105/475/159 112/476/159 106/477/159
f 107/478/160 106/479/160 108/480/160
f 109/481/161 108/482/161 110/483/161
f 111/484/162 110/485/162 112/486/162
f 108/487/163 106/488/163 112/489/163
f 107/490/164 109/491/164 111/492/164