# Made in Blockbench 4.12.3
mtllib PlayerDoll.mtl

o Body
v -0.21875 0 -0.34375
v 0.21875 0.5625 -0.34375
v 0.21875 0 -0.34375
v 0.21875 0.5625 -0.0625
v 0.21875 0 -0.0625
v -0.21875 0.5625 -0.0625
v -0.21875 0 -0.0625
v -0.21875 0.5625 -0.34375
vt 0.625 0.5
vt 0.5 0.6875
vt 0.5 0.5
vt 0.5 0.5
vt 0.4375 0.6875
vt 0.4375 0.5
vt 0.4375 0.5
vt 0.3125 0.6875
vt 0.3125 0.5
vt 0.3125 0.5
vt 0.25 0.6875
vt 0.25 0.5
vt 0.4375 0.6875
vt 0.3125 0.75
vt 0.3125 0.6875
vt 0.5625 0.75
vt 0.4375 0.6875
vt 0.4375 0.75
vt 0.5625 0.75
vt 0.5625 0.6875
vt 0.4375 0.6875
vt 0.625 0.5
vt 0.625 0.6875
vt 0.5 0.6875
vt 0.5 0.5
vt 0.5 0.6875
vt 0.4375 0.6875
vt 0.4375 0.5
vt 0.4375 0.6875
vt 0.3125 0.6875
vt 0.3125 0.5
vt 0.3125 0.6875
vt 0.25 0.6875
vt 0.4375 0.6875
vt 0.4375 0.75
vt 0.3125 0.75
vn 0 0 -1
vn 1 0 0
vn 0 0 1
vn -1 0 0
vn 0 1 0
vn 0 -1 0
vn 0 -1 0
vn 0 0 -1
vn 1 0 0
vn 0 0 1
vn -1 0 0
vn 0 1 0
usemtl m_3a82beae-edfe-f897-9db8-3fa0d5e67736
f 1/1/1 2/2/1 3/3/1
f 3/4/2 4/5/2 5/6/2
f 5/7/3 6/8/3 7/9/3
f 7/10/4 8/11/4 1/12/4
f 4/13/5 8/14/5 6/15/5
f 3/16/6 7/17/6 1/18/6
f 3/19/7 5/20/7 7/21/7
f 1/22/8 8/23/8 2/24/8
f 3/25/9 2/26/9 4/27/9
f 5/28/10 4/29/10 6/30/10
f 7/31/11 6/32/11 8/33/11
f 4/34/12 2/35/12 8/36/12
o Body_Layer
v -0.225 0.009375 -0.35
v 0.225 0.56875 -0.35
v 0.225 0.009375 -0.35
v 0.225 0.56875 -0.05625
v 0.225 0.009375 -0.05625
v -0.225 0.56875 -0.05625
v -0.225 0.009375 -0.05625
v -0.225 0.56875 -0.35
vt 0.625 0.25
vt 0.5 0.4375
vt 0.5 0.25
vt 0.5 0.25
vt 0.4375 0.4375
vt 0.4375 0.25
vt 0.4375 0.25
vt 0.3125 0.4375
vt 0.3125 0.25
vt 0.3125 0.25
vt 0.25 0.4375
vt 0.25 0.25
vt 0.4375 0.4375
vt 0.3125 0.5
vt 0.3125 0.4375
vt 0.5625 0.5
vt 0.4375 0.4375
vt 0.4375 0.5
vt 0.5625 0.5
vt 0.5625 0.4375
vt 0.4375 0.4375
vt 0.625 0.25
vt 0.625 0.4375
vt 0.5 0.4375
vt 0.5 0.25
vt 0.5 0.4375
vt 0.4375 0.4375
vt 0.4375 0.25
vt 0.4375 0.4375
vt 0.3125 0.4375
vt 0.3125 0.25
vt 0.3125 0.4375
vt 0.25 0.4375
vt 0.4375 0.4375
vt 0.4375 0.5
vt 0.3125 0.5
vn 0 0 -1
vn 1 0 0
vn 0 0 1
vn -1 0 0
vn 0 1 0
vn 0 -1 0
vn 0 -1 0
vn 0 0 -1
vn 1 0 0
vn 0 0 1
vn -1 0 0
vn 0 1 0
usemtl m_3a82beae-edfe-f897-9db8-3fa0d5e67736
f 9/37/13 10/38/13 11/39/13
f 11/40/14 12/41/14 13/42/14
f 13/43/15 14/44/15 15/45/15
f 15/46/16 16/47/16 9/48/16
f 12/49/17 16/50/17 14/51/17
f 11/52/18 15/53/18 9/54/18
f 11/55/19 13/56/19 15/57/19
f 9/58/20 16/59/20 10/60/20
f 11/61/21 10/62/21 12/63/21
f 13/64/22 12/65/22 14/66/22
f 15/67/23 14/68/23 16/69/23
f 12/70/24 10/71/24 16/72/24
o cape
v -0.21875 -0.099213 -0.687601
v 0.21875 0.587923 -0.40298
v 0.21875 -0.099213 -0.687601
v 0.21875 -0.12313 -0.629858
v 0.21875 0.564005 -0.345238
v -0.21875 0.564005 -0.345238
v -0.21875 -0.12313 -0.629858
v -0.21875 0.587923 -0.40298
vt 0.171875 0.46875
vt 0.015625 0.96875
vt 0.015625 0.46875
vt 0 0.46875
vt 0.015625 0.96875
vt 0 0.96875
vt 0.34375 0.46875
vt 0.1875 0.96875
vt 0.1875 0.46875
vt 0.171875 0.46875
vt 0.1875 0.96875
vt 0.171875 0.96875
vt 0.171875 0.96875
vt 0.015625 1
vt 0.015625 0.96875
vt 0.328125 0.96875
vt 0.171875 1
vt 0.171875 0.96875
vt 0.328125 0.96875
vt 0.328125 1
vt 0.171875 1
vt 0.171875 0.46875
vt 0.171875 0.96875
vt 0.015625 0.96875
vt 0 0.46875
vt 0.015625 0.46875
vt 0.015625 0.96875
vt 0.343506 0.469727
vt 0.34375 0.96875
vt 0.1875 0.96875
vt 0.171875 0.46875
vt 0.1875 0.46875
vt 0.1875 0.96875
vt 0.171875 0.96875
vt 0.171875 1
vt 0.015625 1
vn 0 0.38268337453031226 -0.9238795564672341
vn 1 0 0
vn 0 -0.38268270226057066 0.9238798349301426
vn -1 0 0
vn 0 0.9238768144602719 0.38268999425480194
vn 0 -0.9238848143915234 -0.38267068052927755
vn 0 -0.9238848143915234 -0.38267068052927755
vn 0 0.38268337453031226 -0.9238795564672341
vn 1 0 0
vn 0 -0.38268270226057066 0.9238798349301426
vn -1 0 0
vn 0 0.9238768144602719 0.38268999425480194
usemtl m_bc65b29e-025c-bbce-da35-642b584a66d1
f 17/73/25 18/74/25 19/75/25
f 20/76/26 18/77/26 21/78/26
f 20/79/27 22/80/27 23/81/27
f 17/82/28 22/83/28 24/84/28
f 21/85/29 24/86/29 22/87/29
f 19/88/30 23/89/30 17/90/30
f 19/91/31 20/92/31 23/93/31
f 17/94/32 24/95/32 18/96/32
f 20/97/33 19/98/33 18/99/33
f 20/100/34 21/101/34 22/102/34
f 17/103/35 23/104/35 22/105/35
f 21/106/36 18/107/36 24/108/36
o Hat_Layer
v -0.3125 0.53125 -0.53125
v 0.3125 1.15625 -0.53125
v 0.3125 0.53125 -0.53125
v 0.3125 1.15625 0.09375
v 0.3125 0.53125 0.09375
v -0.3125 1.15625 0.09375
v -0.3125 0.53125 0.09375
v -0.3125 1.15625 -0.53125
vt 1 0.75
vt 0.875 0.875
vt 0.875 0.75
vt 0.875 0.75
vt 0.75 0.875
vt 0.75 0.75
vt 0.75 0.75
vt 0.625 0.875
vt 0.625 0.75
vt 0.625 0.75
vt 0.5 0.875
vt 0.5 0.75
vt 0.75 0.875
vt 0.625 1
vt 0.625 0.875
vt 0.875 1
vt 0.75 0.875
vt 0.75 1
vt 1 0.75
vt 1 0.875
vt 0.875 0.875
vt 0.875 0.75
vt 0.875 0.875
vt 0.75 0.875
vt 0.75 0.75
vt 0.75 0.875
vt 0.625 0.875
vt 0.625 0.75
vt 0.625 0.875
vt 0.5 0.875
vt 0.75 0.875
vt 0.75 1
vt 0.625 1
vt 0.875 1
vt 0.875 0.875
vt 0.75 0.875
vn 0 0 -1
vn 1 0 0
vn 0 0 1
vn -1 0 0
vn 0 1 0
vn 0 -1 0
vn 0 0 -1
vn 1 0 0
vn 0 0 1
vn -1 0 0
vn 0 1 0
vn 0 -1 0
usemtl m_3a82beae-edfe-f897-9db8-3fa0d5e67736
f 25/109/37 26/110/37 27/111/37
f 27/112/38 28/113/38 29/114/38
f 29/115/39 30/116/39 31/117/39
f 31/118/40 32/119/40 25/120/40
f 28/121/41 32/122/41 30/123/41
f 27/124/42 31/125/42 25/126/42
f 25/127/43 32/128/43 26/129/43
f 27/130/44 26/131/44 28/132/44
f 29/133/45 28/134/45 30/135/45
f 31/136/46 30/137/46 32/138/46
f 28/139/47 26/140/47 32/141/47
f 27/142/48 29/143/48 31/144/48
o Head
v -0.296875 0.5625 -0.515625
v 0.296875 1.140625 -0.515625
v 0.296875 0.5625 -0.515625
v 0.296875 1.140625 0.078125
v 0.296875 0.5625 0.078125
v -0.296875 1.140625 0.078125
v -0.296875 0.5625 0.078125
v -0.296875 1.140625 -0.515625
vt 0.5 0.75
vt 0.375 0.875
vt 0.375 0.75
vt 0.375 0.75
vt 0.25 0.875
vt 0.25 0.75
vt 0.25 0.75
vt 0.125 0.875
vt 0.125 0.75
vt 0.125 0.75
vt 0 0.875
vt 0 0.75
vt 0.25 0.875
vt 0.125 1
vt 0.125 0.875
vt 0.375 1
vt 0.25 0.875
vt 0.25 1
vt 0.5 0.75
vt 0.5 0.875
vt 0.375 0.875
vt 0.375 0.75
vt 0.375 0.875
vt 0.25 0.875
vt 0.25 0.75
vt 0.25 0.875
vt 0.125 0.875
vt 0.125 0.75
vt 0.125 0.875
vt 0 0.875
vt 0.25 0.875
vt 0.25 1
vt 0.125 1
vt 0.375 1
vt 0.375 0.875
vt 0.25 0.875
vn 0 0 -1
vn 1 0 0
vn 0 0 1
vn -1 0 0
vn 0 1 0
vn 0 -1 0
vn 0 0 -1
vn 1 0 0
vn 0 0 1
vn -1 0 0
vn 0 1 0
vn 0 -1 0
usemtl m_3a82beae-edfe-f897-9db8-3fa0d5e67736
f 33/145/49 34/146/49 35/147/49
f 35/148/50 36/149/50 37/150/50
f 37/151/51 38/152/51 39/153/51
f 39/154/52 40/155/52 33/156/52
f 36/157/53 40/158/53 38/159/53
f 35/160/54 39/161/54 33/162/54
f 33/163/55 40/164/55 34/165/55
f 35/166/56 34/167/56 36/168/56
f 37/169/57 36/170/57 38/171/57
f 39/172/58 38/173/58 40/174/58
f 36/175/59 34/176/59 40/177/59
f 35/178/60 37/179/60 39/180/60
o Left_Arm
v 0.324682 -0.016846 -0.33125
v 0.28265 0.574589 -0.33125
v 0.49791 0.054907 -0.33125
v 0.28265 0.574589 -0.08125
v 0.49791 0.054907 -0.08125
v 0.109423 0.502836 -0.08125
v 0.324682 -0.016846 -0.08125
v 0.109423 0.502836 -0.33125
vt 0.75 0
vt 0.6875 0.1875
vt 0.6875 0
vt 0.6875 0
vt 0.625 0.1875
vt 0.625 0
vt 0.625 0
vt 0.5625 0.1875
vt 0.5625 0
vt 0.5625 0
vt 0.5 0.1875
vt 0.5 0
vt 0.625 0.1875
vt 0.5625 0.25
vt 0.5625 0.1875
vt 0.6875 0.25
vt 0.625 0.1875
vt 0.625 0.25
vt 0.6875 0.25
vt 0.6875 0.1875
vt 0.625 0.1875
vt 0.75 0
vt 0.75 0.1875
vt 0.6875 0.1875
vt 0.6875 0
vt 0.6875 0.1875
vt 0.625 0.1875
vt 0.625 0
vt 0.625 0.1875
vt 0.5625 0.1875
vt 0.5625 0
vt 0.5625 0.1875
vt 0.5 0.1875
vt 0.625 0.1875
vt 0.625 0.25
vt 0.5625 0.25
vn 0 0 -1
vn 0.9238791129740165 0.3826844452160875 0
vn 0 0 1
vn -0.9238797415139384 -0.38268292778766416 0
vn -0.3826835563277115 0.9238794811642779 0
vn 0.38268167071323245 -0.9238802622094106 0
vn 0.38268167071323245 -0.9238802622094106 0
vn 0 0 -1
vn 0.9238791129740165 0.3826844452160875 0
vn 0 0 1
vn -0.9238797415139384 -0.38268292778766416 0
vn -0.3826835563277115 0.9238794811642779 0
usemtl m_3a82beae-edfe-f897-9db8-3fa0d5e67736
f 41/181/61 42/182/61 43/183/61
f 43/184/62 44/185/62 45/186/62
f 45/187/63 46/188/63 47/189/63
f 47/190/64 48/191/64 41/192/64
f 44/193/65 48/194/65 46/195/65
f 43/196/66 47/197/66 41/198/66
f 43/199/67 45/200/67 47/201/67
f 41/202/68 48/203/68 42/204/68
f 43/205/69 42/206/69 44/207/69
f 45/208/70 44/209/70 46/210/70
f 47/211/71 46/212/71 48/213/71
f 44/214/72 42/215/72 48/216/72
o Left_Arm_Layer
v 0.506076 0.051524 -0.3375
v 0.101257 0.506218 -0.3375
v 0.286033 0.582755 -0.3375
v 0.286033 0.582755 -0.075
v 0.506076 0.051524 -0.075
v 0.101257 0.506218 -0.075
v 0.3213 -0.025012 -0.075
v 0.3213 -0.025012 -0.3375
vt 0.9375 0
vt 1 0.1875
vt 0.9375 0.1875
vt 0.9375 0
vt 0.875 0.1875
vt 0.875 0
vt 0.875 0
vt 0.8125 0.1875
vt 0.8125 0
vt 0.8125 0
vt 0.75 0.1875
vt 0.75 0
vt 0.875 0.1875
vt 0.8125 0.25
vt 0.8125 0.1875
vt 0.9375 0.25
vt 0.875 0.1875
vt 0.875 0.25
vt 0.9375 0.25
vt 0.9375 0.1875
vt 0.875 0.1875
vt 0.9375 0
vt 1 0
vt 1 0.1875
vt 0.9375 0
vt 0.9375 0.1875
vt 0.875 0.1875
vt 0.875 0
vt 0.875 0.1875
vt 0.8125 0.1875
vt 0.8125 0
vt 0.8125 0.1875
vt 0.75 0.1875
vt 0.875 0.1875
vt 0.875 0.25
vt 0.8125 0.25
vn 0 0 -1
vn 0.9238795847467831 0.3826833062574217 0
vn 0 0 1
vn -0.9238793300566962 -0.38268392113334265 0
vn -0.382684605141445 0.9238790467305429 0
vn 0.3826803373711341 -0.9238808144936851 0
vn 0.3826803373711341 -0.9238808144936851 0
vn 0 0 -1
vn 0.9238795847467831 0.3826833062574217 0
vn 0 0 1
vn -0.9238793300566962 -0.38268392113334265 0
vn -0.382684605141445 0.9238790467305429 0
usemtl m_3a82beae-edfe-f897-9db8-3fa0d5e67736
f 49/217/73 50/218/73 51/219/73
f 49/220/74 52/221/74 53/222/74
f 53/223/75 54/224/75 55/225/75
f 55/226/76 50/227/76 56/228/76
f 52/229/77 50/230/77 54/231/77
f 49/232/78 55/233/78 56/234/78
f 49/235/79 53/236/79 55/237/79
f 49/238/80 56/239/80 50/240/80
f 49/241/81 51/242/81 52/243/81
f 53/244/82 52/245/82 54/246/82
f 55/247/83 54/248/83 50/249/83
f 52/250/84 51/251/84 50/252/84
o Left_Leg
v -0.029514 0.0125 -0.252731
v 0.181246 0.246875 -0.34003
v 0.181246 0.0125 -0.34003
v 0.396506 0.246875 0.179652
v 0.396506 0.0125 0.179652
v 0.185746 0.246875 0.266952
v 0.185746 0.0125 0.266952
v -0.029514 0.246875 -0.252731
vt 0.3125 0.25
vt 0.375 0.1875
vt 0.375 0.25
vt 0.4375 0.1875
vt 0.375 0
vt 0.4375 0
vt 0.4375 0.25
vt 0.375 0.1875
vt 0.375 0.25
vt 0.25 0
vt 0.3125 0.1875
vt 0.25 0.1875
vt 0.375 0
vt 0.3125 0.1875
vt 0.3125 0
vt 0.5 0.1875
vt 0.4375 0
vt 0.5 0
vt 0.4375 0.25
vt 0.4375 0.1875
vt 0.375 0.1875
vt 0.3125 0.25
vt 0.3125 0.1875
vt 0.375 0.1875
vt 0.4375 0.1875
vt 0.375 0.1875
vt 0.375 0
vt 0.25 0
vt 0.3125 0
vt 0.3125 0.1875
vt 0.375 0
vt 0.375 0.1875
vt 0.3125 0.1875
vt 0.5 0.1875
vt 0.4375 0.1875
vt 0.4375 0
vn -0.38268099880018863 0 -0.9238805405231187
vn 0.9238791129740164 0 -0.38268444521608747
vn 0.3826847404072506 0 0.9238789907013989
vn -0.9238793733242816 0 0.38268381667629087
vn 0 1 0
vn 0 -1 0
vn 0.3826847404072506 0 0.9238789907013989
vn -0.38268099880018863 0 -0.9238805405231187
vn 0.9238791129740164 0 -0.38268444521608747
vn -0.9238793733242816 0 0.38268381667629087
vn 0 1 0
vn 0 -1 0
usemtl m_3a82beae-edfe-f897-9db8-3fa0d5e67736
f 57/253/85 58/254/85 59/255/85
f 59/256/86 60/257/86 61/258/86
f 61/259/87 62/260/87 63/261/87
f 63/262/88 64/263/88 57/264/88
f 60/265/89 64/266/89 62/267/89
f 57/268/90 61/269/90 63/270/90
f 61/271/91 60/272/91 62/273/91
f 57/274/92 64/275/92 58/276/92
f 59/277/93 58/278/93 60/279/93
f 63/280/94 62/281/94 64/282/94
f 60/283/95 58/284/95 64/285/95
f 57/286/96 59/287/96 61/288/96
o Left_Leg_Layer
v -0.035288 0.00625 -0.250339
v 0.18702 0.253125 -0.342422
v 0.18702 0.00625 -0.342422
v 0.407063 0.253125 0.188809
v 0.407063 0.00625 0.188809
v 0.184755 0.253125 0.280892
v 0.184755 0.00625 0.280892
v -0.035288 0.253125 -0.250339
vt 0.0625 0.25
vt 0.125 0.1875
vt 0.125 0.25
vt 0.1875 0.1875
vt 0.125 0
vt 0.1875 0
vt 0.1875 0.25
vt 0.125 0.1875
vt 0.125 0.25
vt 0 0
vt 0.0625 0.1875
vt 0 0.1875
vt 0.0625 0
vt 0.125 0.1875
vt 0.0625 0.1875
vt 0.1875 0.1875
vt 0.25 0
vt 0.25 0.1875
vt 0.1875 0.1875
vt 0.125 0.1875
vt 0.125 0
vt 0.1875 0.25
vt 0.1875 0.1875
vt 0.125 0.1875
vt 0.1875 0.1875
vt 0.1875 0
vt 0.25 0
vt 0.0625 0.25
vt 0.0625 0.1875
vt 0.125 0.1875
vt 0 0
vt 0.0625 0
vt 0.0625 0.1875
vt 0.0625 0
vt 0.125 0
vt 0.125 0.1875
vn -0.3826834727183908 0 -0.9238795157964012
vn 0.9238795847467832 0 -0.3826833062574218
vn 0.38268347271839065 0 0.9238795157964013
vn -0.9238795847467831 0 0.38268330625742175
vn 0 1 0
vn 0 -1 0
vn 0.9238795847467832 0 -0.3826833062574218
vn 0.38268347271839065 0 0.9238795157964013
vn 0 -1 0
vn -0.3826834727183908 0 -0.9238795157964012
vn -0.9238795847467831 0 0.38268330625742175
vn 0 1 0
usemtl m_3a82beae-edfe-f897-9db8-3fa0d5e67736
f 65/289/97 66/290/97 67/291/97
f 67/292/98 68/293/98 69/294/98
f 69/295/99 70/296/99 71/297/99
f 71/298/100 72/299/100 65/300/100
f 70/301/101 66/302/101 72/303/101
f 67/304/102 71/305/102 65/306/102
f 67/307/103 66/308/103 68/309/103
f 69/310/104 68/311/104 70/312/104
f 67/313/105 69/314/105 71/315/105
f 65/316/106 72/317/106 66/318/106
f 71/319/107 70/320/107 72/321/107
f 70/322/108 68/323/108 66/324/108
o Right_Arm
v -0.49791 0.054907 -0.33125
v -0.109423 0.502836 -0.33125
v -0.324682 -0.016846 -0.33125
v -0.109423 0.502836 -0.08125
v -0.324682 -0.016846 -0.08125
v -0.28265 0.574589 -0.08125
v -0.49791 0.054907 -0.08125
v -0.28265 0.574589 -0.33125
vt 0.875 0.5
vt 0.8125 0.6875
vt 0.8125 0.5
vt 0.8125 0.5
vt 0.75 0.6875
vt 0.75 0.5
vt 0.75 0.5
vt 0.6875 0.6875
vt 0.6875 0.5
vt 0.6875 0.5
vt 0.625 0.6875
vt 0.625 0.5
vt 0.75 0.6875
vt 0.6875 0.75
vt 0.6875 0.6875
vt 0.8125 0.75
vt 0.75 0.6875
vt 0.75 0.75
vt 0.8125 0.75
vt 0.8125 0.6875
vt 0.75 0.6875
vt 0.875 0.5
vt 0.875 0.6875
vt 0.8125 0.6875
vt 0.8125 0.5
vt 0.8125 0.6875
vt 0.75 0.6875
vt 0.75 0.5
vt 0.75 0.6875
vt 0.6875 0.6875
vt 0.6875 0.5
vt 0.6875 0.6875
vt 0.625 0.6875
vt 0.75 0.6875
vt 0.75 0.75
vt 0.6875 0.75
vn 0 0 -1
vn 0.9238797415139384 -0.38268292778766416 0
vn 0 0 1
vn -0.9238791129740165 0.3826844452160875 0
vn 0.3826835563277115 0.9238794811642779 0
vn -0.38268167071323245 -0.9238802622094106 0
vn -0.38268167071323245 -0.9238802622094106 0
vn 0 0 -1
vn 0.9238797415139384 -0.38268292778766416 0
vn 0 0 1
vn -0.9238791129740165 0.3826844452160875 0
vn 0.3826835563277115 0.9238794811642779 0
usemtl m_3a82beae-edfe-f897-9db8-3fa0d5e67736
f 73/325/109 74/326/109 75/327/109
f 75/328/110 76/329/110 77/330/110
f 77/331/111 78/332/111 79/333/111
f 79/334/112 80/335/112 73/336/112
f 76/337/113 80/338/113 78/339/113
f 75/340/114 79/341/114 73/342/114
f 75/343/115 77/344/115 79/345/115
f 73/346/116 80/347/116 74/348/116
f 75/349/117 74/350/117 76/351/117
f 77/352/118 76/353/118 78/354/118
f 79/355/119 78/356/119 80/357/119
f 76/358/120 74/359/120 80/360/120
o Right_Arm_Layer
v -0.506076 0.051524 -0.3375
v -0.101257 0.506218 -0.3375
v -0.3213 -0.025012 -0.3375
v -0.101257 0.506218 -0.075
v -0.3213 -0.025012 -0.075
v -0.506076 0.051524 -0.075
v -0.286033 0.582755 -0.075
v -0.286033 0.582755 -0.3375
vt 0.875 0.25
vt 0.8125 0.4375
vt 0.8125 0.25
vt 0.8125 0.25
vt 0.75 0.4375
vt 0.75 0.25
vt 0.6875 0.25
vt 0.75 0.4375
vt 0.6875 0.4375
vt 0.6875 0.25
vt 0.625 0.4375
vt 0.625 0.25
vt 0.75 0.4375
vt 0.6875 0.5
vt 0.6875 0.4375
vt 0.8125 0.5
vt 0.75 0.4375
vt 0.75 0.5
vt 0.8125 0.5
vt 0.8125 0.4375
vt 0.75 0.4375
vt 0.875 0.25
vt 0.875 0.4375
vt 0.8125 0.4375
vt 0.8125 0.25
vt 0.8125 0.4375
vt 0.75 0.4375
vt 0.6875 0.25
vt 0.75 0.25
vt 0.75 0.4375
vt 0.6875 0.25
vt 0.6875 0.4375
vt 0.625 0.4375
vt 0.75 0.4375
vt 0.75 0.5
vt 0.6875 0.5
vn 0 0 -1
vn 0.9238793300566962 -0.38268392113334265 0
vn 0 0 1
vn -0.9238795847467831 0.3826833062574217 0
vn 0.382684605141445 0.9238790467305429 0
vn -0.3826803373711341 -0.9238808144936851 0
vn -0.3826803373711341 -0.9238808144936851 0
vn 0 0 -1
vn 0.9238793300566962 -0.38268392113334265 0
vn 0 0 1
vn -0.9238795847467831 0.3826833062574217 0
vn 0.382684605141445 0.9238790467305429 0
usemtl m_3a82beae-edfe-f897-9db8-3fa0d5e67736
f 81/361/121 82/362/121 83/363/121
f 83/364/122 84/365/122 85/366/122
f 86/367/123 84/368/123 87/369/123
f 86/370/124 88/371/124 81/372/124
f 84/373/125 88/374/125 87/375/125
f 83/376/126 86/377/126 81/378/126
f 83/379/127 85/380/127 86/381/127
f 81/382/128 88/383/128 82/384/128
f 83/385/129 82/386/129 84/387/129
f 86/388/130 85/389/130 84/390/130
f 86/391/131 87/392/131 88/393/131
f 84/394/132 82/395/132 88/396/132
o Right_Leg
v -0.166688 0.0125 -0.339678
v 0.044072 0.246875 -0.252378
v 0.044072 0.0125 -0.252378
v -0.171187 0.246875 0.267304
v -0.171187 0.0125 0.267304
v -0.381947 0.246875 0.180005
v -0.381947 0.0125 0.180005
v -0.166688 0.246875 -0.339678
vt 0.0625 0.75
vt 0.125 0.6875
vt 0.125 0.75
vt 0.1875 0.6875
vt 0.125 0.5
vt 0.1875 0.5
vt 0.1875 0.75
vt 0.125 0.6875
vt 0.125 0.75
vt 0 0.5
vt 0.0625 0.6875
vt 0 0.6875
vt 0.125 0.5
vt 0.0625 0.6875
vt 0.0625 0.5
vt 0.1875 0.6875
vt 0.25 0.5
vt 0.25 0.6875
vt 0.1875 0.75
vt 0.1875 0.6875
vt 0.125 0.6875
vt 0.0625 0.75
vt 0.0625 0.6875
vt 0.125 0.6875
vt 0.1875 0.6875
vt 0.125 0.6875
vt 0.125 0.5
vt 0 0.5
vt 0.0625 0.5
vt 0.0625 0.6875
vt 0.125 0.5
vt 0.125 0.6875
vt 0.0625 0.6875
vt 0.1875 0.6875
vt 0.1875 0.5
vt 0.25 0.5
vn 0.3826847404072505 0 -0.9238789907013988
vn 0.9238797415139384 0 0.3826829277876641
vn -0.3826809988001886 0 0.9238805405231187
vn -0.923880001862316 0 -0.3826822992495045
vn 0 1 0
vn 0 -1 0
vn -0.3826809988001886 0 0.9238805405231187
vn 0.3826847404072505 0 -0.9238789907013988
vn 0.9238797415139384 0 0.3826829277876641
vn -0.923880001862316 0 -0.3826822992495045
vn 0 1 0
vn 0 -1 0
usemtl m_3a82beae-edfe-f897-9db8-3fa0d5e67736
f 89/397/133 90/398/133 91/399/133
f 91/400/134 92/401/134 93/402/134
f 93/403/135 94/404/135 95/405/135
f 95/406/136 96/407/136 89/408/136
f 92/409/137 96/410/137 94/411/137
f 91/412/138 95/413/138 89/414/138
f 93/415/139 92/416/139 94/417/139
f 89/418/140 96/419/140 90/420/140
f 91/421/141 90/422/141 92/423/141
f 95/424/142 94/425/142 96/426/142
f 92/427/143 90/428/143 96/429/143
f 91/430/144 93/431/144 95/432/144
o Right_Leg_Layer
v -0.172462 0.00625 -0.342069
v 0.049846 0.253125 -0.249986
v 0.049846 0.00625 -0.249986
v -0.170197 0.253125 0.281245
v -0.170197 0.00625 0.281245
v -0.392505 0.253125 0.189161
v -0.392505 0.00625 0.189161
v -0.172462 0.253125 -0.342069
vt 0.0625 0.5
vt 0.125 0.4375
vt 0.125 0.5
vt 0.1875 0.4375
vt 0.125 0.25
vt 0.1875 0.25
vt 0.1875 0.5
vt 0.125 0.4375
vt 0.125 0.5
vt 0 0.25
vt 0.0625 0.4375
vt 0 0.4375
vt 0.125 0.25
vt 0.0625 0.4375
vt 0.0625 0.25
vt 0.1875 0.4375
vt 0.25 0.25
vt 0.25 0.4375
vt 0.1875 0.5
vt 0.1875 0.4375
vt 0.125 0.4375
vt 0 0.25
vt 0.0625 0.25
vt 0.0625 0.4375
vt 0.1875 0.4375
vt 0.1875 0.25
vt 0.25 0.25
vt 0.1875 0.4375
vt 0.125 0.4375
vt 0.125 0.25
vt 0.125 0.25
vt 0.125 0.4375
vt 0.0625 0.4375
vt 0.0625 0.5
vt 0.0625 0.4375
vt 0.125 0.4375
vn 0.38268347271839076 0 -0.9238795157964013
vn 0.9238795847467831 0 0.38268330625742175
vn -0.382687019952784 0 0.9238780464756469
vn -0.9238793300566963 0 -0.38268392113334265
vn 0 1 0
vn 0 -1 0
vn -0.382687019952784 0 0.9238780464756469
vn -0.9238793300566963 0 -0.38268392113334265
vn 0 -1 0
vn 0.9238795847467831 0 0.38268330625742175
vn 0 1 0
vn 0.38268347271839076 0 -0.9238795157964013
usemtl m_3a82beae-edfe-f897-9db8-3fa0d5e67736
f 97/433/145 98/434/145 99/435/145
f 99/436/146 100/437/146 101/438/146
f 101/439/147 102/440/147 103/441/147
f 103/442/148 104/443/148 97/444/148
f 100/445/149 104/446/149 102/447/149
f 99/448/150 103/449/150 97/450/150
f 101/451/151 100/452/151 102/453/151
f 103/454/152 102/455/152 104/456/152
f 99/457/153 101/458/153 103/459/153
f 99/460/154 98/461/154 100/462/154
f 100/463/155 98/464/155 104/465/155
f 97/466/156 104/467/156 98/468/156